	07
3
0	9	080	7797
0	7970	9	079	07
2
0	9	079	7790	9	080	7797
0	9	079	77	7970	9	079	07
22
0	9	0079	7797
0	9	079	77970	9	079	07
2
0	9	079	7790	9	079	07
2
0	9	079	77971	9	079	81079	07
2
0	9	0079	7797
0	9	079	77970	9	079	07
2
0	7
2
0	7
2
	9	079	9	079	77970	9	079	07
2
0	9	079	7790	9	080	7797
0	9	079	77970	9	079	07970	9	079	
0	9	080	7797
0	7970	9	079	07
2
081079	07
2
0	9	0072	7797
970	9	079	07
2
0	9	0079	7797
0	9	079	77970	9	079	07
2
0	9	079	7790	9	079	07
2
0	9	079	77971	9	079	81079	07
2
0	9	0079	7797
0	9	079	77970	9	079	07
2
0	9	07	9	0
0	9	079	7790	9	080	779707
2
0	9	079	7790	9	080	7797
0	9	080	77970	9	079	07
2
0	7	77970	9	079	07970	9	079	
0	9	080	7797
0	7970	9	079	07
2
081079	07
2
0	9	0079	7797
970	9	079	07
2
0	9	0079	7797
0	9	079	77970	9	079	07
2
0	9	079	7790	9	079	07
2
0	9	079	77971	9	079	81079	07
2
0	9	0079	7797
0	9	079	77970	9	079	07
2
0	9	07	9	
2
	9	079	9	079	77970	9	079	07
2
0	9	079	7790	9	080	7797
0	9	079	77970	9	079	07970	9	079	
0	9	080	7797
0	3970	9	079	07
2
081079	07
2
0	9	0079	7797
970	9	079	07
2
0	9	0079	7797
0	9	079	77970	9	079	07
2
0	9	0079	7797
0	9	0x68
79	77970	9	
0	9	0079	7797
0	9	079	77970	9		9	079	7790	9	079	07
2
0	9	079	77971	9	079	81079	07
2
0	9	0079	7797
0	9	079	77970	9	079	07
2
0	7
2
0	7
279	77970	9	079	07970	9	079	
0	9	080	7797
0	7970	9	079	07
2
081079	07
2
0	9	0079	7797
970	9	079	07
2
0	9	0079	7797
0	9	079	77970	9	079	77970	9	079	07
2
0	9	079	7790	9	079	07
2
0	9	0709	77971	9	079	81079	07
2
02
0x68
295							
0x62
2
0	9	0079	7797
0	9	0x61
79	77970	9	079	7
2
0	9	078	77079	7790	9	079	
0x62
2
0	9	0079	7797
0	9	0x68
79	77970	9	
0	9	0079	7797
0	9	079	77970	9	079	07
2
0	909	7	7790	9	079	07
2
0	9	0709	77971	9	07907
2
02
0x68
295							
0x62
2
0	9	0079	7797
0	9	0x68
79	2
0		77	9	079	z7
2
0	9	00ÿ79	ÿ