VERIF	07
2
0	77972		07
2
0	8	079	7797
CAT	079	02
0	77972		07
2
0	8	079	7797
CAT	079	77970
0	8	079	77	02
0	77972		07
2
0	8	079	779	77970
0	8	0797797
CAT	079	77970	9		9	02
0	907
2
0	77972		07
2
0	8	77972	72		07
2
0	8	079	7797
CAT	079	77970	9		9	02
0	77972		07
2
0	4	079	7797
CAT	079	77970	9		9	02
	9	0079	77970	77970	9		9	02
0	77972		07
2
0	4	0	079	7797
CAT	079	77970	9		9	02
0	77972		07
2
0	4	079	7797
CAT	079	77970	9		9	02
	9	0079	77970	77970	9		9	02
0	77972		07
2
0	7797
CAT	9		90079	779702
0	4	079	7797
CAT	079	77970	9		72		07
2
0	4	079	7797
CAT	079	77970	9		97
CAT	079	77970	9		9	02
0	907
2
0	77972		0
0	8	77972	72		07
2
0	8	079	7797
CAT	079	77970	9		9	02
0	77972		07	7797
CAT	079	77970	9		9	02
	9	0079	77970	77970	9		9	02
0	77972		07
2
0	4	0	079	7797
CAT	079	77970	9		9	02
0	77972		07
2
0	4	079	7797
CAT	079	77978	9		9	02
	9	0079	77970	7797	7797
CAT	079	77970	9			9	02
	9	0079	779702
0	4	079	7797
CAT	079	77970	9		72		07
279	7797
CAT	079	77970	9		9	02
	9	0079	77970	079	77970	9	
CAT	079	77970	9		9	02
0	77972		07
2
0	4	079	7797
CAT	079	77970	9		9	02
0	9	079	77970	0	9	079	77970	9	0		07
2
0	4	07	97797
CAT	0797970	9		9	02
0		079	77970	0	9	079	77970	9	079	0¿0