	07
3
0	9	0809	080	730899
2
0	9	079	7790	9	080	7797
0	9	080	77970	9	079	07
2
0	7
2
	9	0	07
2
0	9	079	77971	9	079	81079	07
2
0	9	0079	7797
0	9	079	77970	9	079	07
2
0	9	07	9	
2
	9	07   ''
''   2


''
'' ''


''
''

''  
       ''


''
''

'' 


''
'' ''
''
''

790	9	0	9	
2
	9	07   ''
''   2


''
'' ''


''
''

''  
       ''


''
''

'' 


''
'' ''
''
''

790	9	080	7797	0
07
29	00	77970	07
2
081079	07
2
0	9	0079	7797
970	9	079	07
2
0	9	0079	7797
0	9	079	77970	9	079	07
2
0	9	079	7790	9	079	07
2
0	0079	7797
0	9	079	77970	9	079	07
2
0	9	07	9	
2
	9	079	9	079
0	
	079	7790	92
	9	079	9	079	77970	79	7797
970	9	079	07
2
0	9	0079	779	07
2
081079	07
20	9	0079	7797
0	9	079	77970	9	079	07
2
0	9	079	7790	9	079	07
2
0	9	079	77971	9	079	81079	07
2
0	9	0970	9	079	07
2
0	7
2
	9	0	07
2
0	9	079	77971	9	079	81079	07
2
0	9	0079	7797
0	9	079	77970	9	079	07
2
0	9	07	9	
2
	9	07   ''
''   2


''
'' ''


''
''

''  
       ''


''
''

'' 


''
'' ''
''
''

790	9	080	779707
2
0	9	00	77970	07
2
081079	07
2
0	9	0079	7797
970	9	079	07
2
0	9	0079	7797
0	9	079	77970	9	079	07
2
0	9	079	7790	9	079	07
2
0	0079	7797
0	9	079	77970	9	079	07
2
0	9	07	9	
2
	9	0729	9	079
0	9	079	7790	92
	9	079	9	079	77970	79	7797
970	9	079	07
2
0	9	0079	779	07
2
081079	07
20	9	00	080	7797
0	7970	9	079	07
2
081079	07
2
0	9	0079	7797
970	9	079	07
20	9	079	07
2
0	9	07	9	079	7770	9	079	07
2
0	7
2
0	7
2
	9	079	9	079	779709	0077970	9	079	07
2
0	9	07	9	
2
	9	07   ''
''   2


''
'' ''


''
''

''  
       ''


''
''

'' 


''
'' ''
''
''

''
'' ''


''	02
0	9	079	7790