-2555

-443355

-44336228
552
-25252
-25255252

43355

-44336228
552
-25255252

-25
-25255252

-254336228
552
-25255252

-25
-25255252



2

-25

-1
-443355

-44336228
552
-25255252

-25
-25
-254336228
552
-25255252

-25

-443355

-44336228
552
-25252
-25255252

43355

-44336228
552
-25255252

-25
-25255252

-254336228
552
-25255252

-25
-25255252



2

-25

-1
-443355

-443362225
25543355

4336228
552
-25255251
-443355

-44336228
552
-25255252
5
-25255025
-25543355

-4433
-2554332
-25255252

-25
-25255252

-254336228
552
-25255252

-25
2
5
-25255252


2

-25

-1
-443355

-44336228
552
-25255252

-25
-94955025
-25543355

-4433
-543355

4336228
552
-5255251
-443355

-44336228
552
-25255252
5
-25255025
-25543355

-4433
-2554332
-25255252

-25
-25255252

-254336228
552
-25255252

-25
2
5
-25255252



2

-25

-1
-443355
25255252

-25
-25255252

-254336228
552
-25255252

-25
-25255252



2

-2

-25
-25255252

-254336228
552
-25255252

-25
-25255252



2

-25

-1
-443355

-44336228
552
-25255252

-25
-2525525
-25543355

-4433
-25
-25

-1
-25255252

-25
-25255252



2

-25

-1
-443355

-44336228
552
-25255252

-25
-2525525
-25543355

-4433
-25543355

-44336228
552
5
-25255252



2

-25

-1
-443355
25255252

-25
-25255252

-254336228
552
-25255252

-25
-25255252



2

-25

-1
-443355

-44336228
552
-25255252

-25
-252
-443355
25255252

-26
-25255252

-254336228
552
-2525522

-25

-1
-443355

-44336228
552
-25255252

-25
-2525525
-25543355

-4433
-25543355

-443362
2

-25

-1
-443355
25255252

-25
-25255252

-254336228
552
-25255252

-25
-25255252



2

-2

-25
-25255252
-25
-25255252



2

-25

-1
-443355

-44336228
552
-25255252

-25
-2525525
-2525255252

-25
-25255252



2

-25

-1
-443355

-44336228
552
-25255252

-25
-2525525
-25543355

-4433
-25543355

-44336228
552
5
-25255252



2

-25

-1
-443355
25255252

-25
-25255252

-254336228
552
-25255252

-25
-25255252



2

-25

-1
-443355

-44336228
552
25
-252
-443355
25252

-25
-25255252

-254336228
552
-25255252

-25
-25255252



2

-25

-1
-443355

-44336228
552
-25255252

-25
-2525525
-25543355

-4433
-25543355

-4433625

-1
-443355

-44336228
552
-25255252

-25
-2525525
-25543355

-4433
-25543355

-44336228
552
-252252



2

-25

-286Å