
0x62
	07
2
0	9	79	7797
0	9	079	77970	9	079	07
2
0	9	0079	7797
0	9	079	77970	9	079	07
2
0	9	079	77079	7797
0	9	079	77970	9	079	07
2
0	9	079	7790	9	079	07
2
0	9	079	77971	9	079	81079	07
2
02
0x68
295							
0x62
2
0	9	0079	7797
0	9	0x68
79	77970	9	079	07
2
0	9	079	7790	9	079	07
2
0	9	079	77971	9	079	62		079972	0	9	079	77970	9	079	07
2
0	9	079	7790	9	079	
0x62
2
0	9	0079	7797
0	9	0x68
79	77970	9	
0	9	0079	7797
0	9	079	77970	9	079	07
2
0	9	079	7790	9	079	07
2
0	9	0709	77971	9	079	81079	07
2
02
0x68
295							
0x62
2
0	9	0079	7797
0	9	0x68
79	77970	9	079	07
2
0	9	078	7790	9	079	07
2
0	9	079	77971	9	079	81079	07
2
02
0x68
295							
0x62
2
0	9	0079	7797
0	9	0x68
79	77970	9	079	07
2
0	9	079	7790	9	079	07
2
0	9	079	77971	9	079	62		079972	0	9	079	77970	9	079	07
2
0	9	079	7790	9	079	
0x62
2
0	9	0079	7797
0	9	0x68
79	77970	9	
0	9	0079	7797
0	9	079	77970	9	079	07
2
0	9	079	7790	9	079	07
2
0	9	0709	77971	9	079	81079	07
2
02
0x64
295							
0x62
2
0	9	0079	7797
0	9	0x68
79	77970	9	9	079	62		079972	0	9	079	7	7990	07079	07
2
0	9	079	7790	9	079	07
2
0	9	9	07
2
0	9	079	77971	9	079	62		079972	0	9	079	77970	9	00	079	7790	9	07	07
2
0	9	0ÂÆ19