-2555

-443355

-44336228
552
-25252
-25255252

43355

-44336228
552
-228
552
-25252
-25255252

43355

-44336228
552
-25255252
336228
5536228
552
-25252
-25255252

43355

-443362128
552
-228
552
-25252
-25255252

43355

-4433652
-25255252

-2336228
552
-2525255252

-2543362225
-25543355

-4433
-25543355

4336228
552
43355

-44336228
552
-25255252
5
-25253355

-4433
-25543355

-4433622

2

-25

-252
-25255252

43355

-4432

-254336228
552
-25255252

-25
-25255252



2

-25

-252
-2525255252

-25
-25552
252


2

-25

-1
-443355

-4433
-443352
-25252
-25255252

36022
552
-22552552

-46228
552
43355

-443362288
555252

-25
-2525525
-2554

-440798
5536228
552
-25252
-25255252

43355

-443362128
552
-228
552
-25252
-25255252

43355

-52
-25255252

-2336228
552

43355

-44336228
552
-252



2

-25

-252
-2525255252

-25
-25255252



2

-25

-1
-45252
-228
552
-25252
-2525562128
552
-228
552
-25252
-25255252

43355

-44336228
552
-25255252

-2336228
552
-2525255252

-254336228
552
-25552552

-46228
55279	0c