	0702

	9	080	9	079	07
2
0	9	0797
CAT	079	77970	9		9	02
0	907
2
0	77972		07
2
0	8	079	7797
CAT	079	77970	9		9	02
0	77972		07
2
0	4	079	7797
CAT	079	77970	
CAT	079	77970	9		9	02
0	9	079	77970	0	9	079	77970	9	0		0720
4
		079	7797
CAT	079	7797797
CAT	079	77970	9		9	02
0	907
2
0	77972	2
0	8	079	7797
CAT	079	02
0	77972		07
2
0	8	079	7797
CAT	079	77970
0	8	079	7797
CAT		9	02
0	907
2
0	73972		07
2
0	8	079	7797
CAT	079	77970	9		9	02
0	77972		07
2
0	4	079	7
0	77972		07
2
0	8	079	7797
CAT	97
CAT	079	77970	9		079	7797
CAT	079	77970	9		97
CAT	079	77970	2		07
2
0	8	079	7797
CAT	079	02
0	77972		0	8	079	7797
CAT	079	77970
0	8	079	7797
CAT	079	779702
0	77972	2
0	8	079	7797
CAT	079	02
0	77972		07
2
0	8	079	7797
CAT	079	77970
0	8	079	7797
CAT	072		0-2          7 
2
0	 8