	07
3
0	9	080	7797
0	7970	9	079	07
2
0	9	079	7790	9	080	7797
0	9	079	77	7970	9	079	07
22
0	9	0079	7797
0	9	079	77970	9	079	07
2
0	9	079	79	079	07
2
0	9	079	77971	9	07
2
0	9	0079	7797
0	9	079	77970	9	079	07
2
0	7
2
0	7
2
	9	079	9	079	77970	9	079	07
2
0	9	079	7790	9	080	7797
0	9	079	77970	9	079	07970	9	079	
0	9	080	7797
0	7970	9	079	07
2
081079	07
2
0	9	0079	7797
970	9	079	07
2
0	9	0079	9	7790	9	079	07
2
0	9	079	77971	9	079	81079	07
2
0	9	0079	7797
0	9	079	77970	9	079	07
2
0	9	07	9	0
0	9	079	7790	9	080	779707
2
0	9	079	7790	9	080	7797
0	9	080	77970	9	079	07
2
0	7
2
	9	079	9	079	77970	9	079	07
2
0	9	0770	9	079	
0	9	080	7797
0	7970	9	079	07
2
081079	07
2
0	9	0079	7797
970	9	079	07
2
0	9	0079	779770	9	079	07
2
0	7
2
0	7
27079	07970	9	079	
0	9	080	7797
0	7970	9	079	07
2
081079	07
2
0	979	7797
0	9	079	77970	9	079	07
2
0	9	079	7790	9	079	07
2
0	9	079	77971	9	079	81079	07
2
0	9	0079	7797
0	9	079	77970	9	079	07
2
0	9	07	9	079	7790	979	777
0	9	079	77970	9	079	07
2
0	7
2
0	7
2
	9	079	9	079	77970	9	079	07
2
0	9	079	7790	9	080	7797
0	9	0970	9	079	07970	9	079	
0	9	080	7797
0	7970	9	079	07
2
081079	07
2
0	9	0079	7797
970	9	079	07
2
0	9	0079	7797
0	9	079	77970	9	079	07
2
0	9	079	7790	9	079	07
2
0	9	079	77971	9	079	81079	0
0	9	079	77970	9	079	07
2
0	9	079	7790	9	079	07
2
0	9	2
0	9	0079	7797
0	9	079	77970	9	079	07
2
0	9	079	7790	9	079	07
2
0	9	079	77971	9	079	81079	07
2
0	9	0079	7797
0	9	079	77970	9	079	07
2
0	9	07	9	0
0	9	079	7790	9	080	779707
2
0	9	079	7790	9	080	7797
0	9	080	77970	9	079	07
2
0	7
2
	9	079	9	079	77970	9	079	07
2
0	9	079	7790	9	080	7797
0	9	079	77970	9	079	07970	9	079	
0	9	080	7797
0	7970	9	079	07
2
081079	07
2
0	9	0079	7797
970	9	079	07
2
0	9	0079	9	7790	9	080	7797
0	9	079	77970	9	079	07970	9	079	
0	9	080	7797
0	7970	9	079	07
2
0870	9	079	007970	9	079	
0	9	080	7797
0	7970	9	079	07
2
081079	07
2
0	9	0079	7797
970	9	079	07
2
0	9	0079	7797
0	9	079	77970	
0	9	079	7790	9	079	07
2
0	9	079	77971	9	079	81079	07
2
0	9	0079	7797
0	9	079	77970	9	079	07
2
0	7
2
0	7
27079	07970	9	079	
0	9	080	7797
0	7970	9	079	07
2
081079	07
2
0	979	7797
0	9	079	77970	9	079	07
2
0	9	079	7790	9	079	07
2
0	9	079	77971	9	079	81079	07
2
0	9	0079	7797
0	9	079	77970	9	079	07
2
0	9	07	9	079	7790	979	777
0	9	079	77970	9	079	07
2
0	7
2
0	7
2
	9	079	9	079	77970	9	079	07
2
0	9	079	7790	9	080	7797
0	9	0970	9	079	07970	9	079	
0	9	080	7797
0	7970	9	079	07
2
081079	07
2
0	9	0079	7797
970	9	079	07
2
0	9	0079	7797
0	9	079	77970	9	079	07
2
0	9	079	7790	9	079	07
2
0	9	079	77971	9	079	81079	07
2
0	9	0079	7797
0	9	079	77970	9	079	07
2
0	9	07	9	0
0	9	079	7790	9	080	779707
2
0	9	079	7790	9	080	7797
0	9	080	77970	9	079	07
2
0	7
2
	9	079	9	079	77970	9	079	07
2
0	9	079	7790	9	080	7797
0	9	079	77970	9	079	07970	9	079	
0	9	080	7797
0	7970	9	079	07
2
081079	07
2
0	9	0079	7797
970	9	079	07
2
0	9	0079	7797
0	9	079	77970	9	079	07
2
0	9	079	7790	9	079	07
2
0	9	079	77971	9	079	81079	07
29	079	07
2
0	9	079	7790	9	079	07
2
	9	079	07
2
0	079	7	77970	9	090	9079	07
2
		079