	07
3
0	9	080	7797
0	7970	9	079	07
2
0	9	079	7790	9	080	7797
0	9	079	77	7970	9	079	07
22
0	9	0079	7797
0	9	079	77970	9	079	07
2
0	9	079	7790	9	079	07
2
0	9	079	77971	9	079	81079	07
2
0	9	0079	7797
0	9	079	77970	9	079	07
2
0	7
2
0	6
2
	9	079	9	079	77970	9	079	07
2
0	9	079	7790	9	080	7797
0	9	079	77970	9	079	07970	9	079	
0	9	080	7797
0	7970	9	079	07
2
081079	07
2
09	079	07
2
0	9	079	77971	9	079	81079	07
2
0	9	0079	7797
0	9	079	77970	9	079	07
2
0	7
2
0	6
2
	9	079	9	079	77970	9	079	07
2
0	9	079	7790	9	080	7797
0	9	079	77970	9	079	07970	9	079	
0	9	080	7797
0	7970	9	079	07
2
081079	07
2
0	9	0079	7797
970	9	079	07
2
0	9	0079	7797
0	9	079	77970	9	079	07
2
0	9	079	7790	9	079	07
2
0	9	079	77971	9	079	81079	07
2
0	9	0079	77079	77970	9	079	07
2
0	9	07	9	0
0	9	079	7790	9	080	779707
2
0	9	079	7790	9	080	7797
0	9	080	7707
2
0	9	0079	7797
970	9	0	9	079	07
2
0	9	079	77971	9	079	81079	07
2
0	9	0079	77079	77970	9	079	07
2
0	9	07	9	0
0	9	079	779079	07
2
0	9	0079	7797
0	0790	9	158	07
2
0	9	079	7790	9	079	07
2
0	9	079	77971	9	079	81079	07
2
0	9	0079	7797
0	9	079	77970	9	079	00	7970	9	079	07
2
081079	07
2
0	9	0079	7797
970
0	9	0079	7797
0	9	079	77970	9	079	07
2
0	9	079	9	0079	7797
970	9	079	07
2
0	9	0079	7797
0	9	079	77970	9	079	07
2
0	9	079	7790	9	079	07
2
0	9	079	77971	9	079	81079	07
2
0	9	0079	77079	77970	9	079	07
2
0	9	07	9	0
0	9	079	7790	9	080	779707
2
0	9	079	7790	9	080	7797
0	9	080	7707
2
0	9	0079	7797
970	9	0	9	079	07
2
0	9	079	77971	9	079	81079	07
2
0	9	0079	77079	77970	9	079	07
2
0	9	07	9	0
0	9	079	779079	07
2
0	9	0079	7797
0	9	079	77970	9	158	07
2
0	9	079	7790	9	079	07
2
0	9	079	77971	9	079	81079	07
2
0	9	0079	7797
0	9	079	77970	9	079	00	7970	9	079	07
2
081079	07
2
0	9	0079	7797
970
0	9	0079	7797
0	9	079	77970	9	079	07
2
0	9	079	7790	9	07971	9	079	81079	07
2
0	9	0079	7797
0	9	079	77970	9	079	07
2
0	7
2
0	7
279	77970	9	079	07970	9	079	
1	9	080	7797
0	7970	9
081079	07
2
0	9	0079	7797
970	9	9	07
2
		079