	07
3
0	9	080	7797
0	7970	9	079	07
2
0	9	079	7790	9	080	7797
0	9	079	77	7970	9	079	07
22
0	9	0079	7797
0	9	079	77970	9	079	07
2
0	9	079	7790	9	0798999	07
2
0	9	079	77971	9	079	81079	07
2
0	9	0079	7797
0	9	079	77970	9	079	07
2
0	7
2
0	7
2
	9		9	079	07
2
0	9	079	7790	9	079	07
2
0	9	079	77971	9	079	81079	07
2
0	9	0079	7797
0	9	079	77970	9	079	07
2
0	9	07	9	0
0	9	079	7790	9	080	779707
2
0	9	079	7790	9	680	7797
0	9	080	77970	9	079	07
2
0	7	77970	9	079	07970	9	079	
0	9	080	7797
0	7970	9	079	07
2
081079	07
2
0		079	7790	9	079	07
2
0	9	079	77971	9	079	81079	07
2
0	9	0079	7797
0	9	079	77970	9	079	07
2
0	9	07	9	079	7790	979	777
0	9	079	77970	9	079	07
2
0	7
2
0	7
79	7790	9	079	07
2
0	9	9	81079	07
2
0	9	0079	7797
0	9	079	77970	9	079	07
2
0	7
2
0	7
279	77970	9	079	07970	9	079	
0	9	080	7797
0	7970	9	079	07
2
081079	00
2
0	9	0079	7797
970	9	079	07
2
0	9	0079	7797
0	9	079	07
2
0	9	079	7790	9	079	07
2
0	9	079	77971	9	079	81079	07
2
0	9	0079	7797
0	9	079	77970	9	079	07
2
0	9	07	9	079	7790	979	777
0	9	079	77970	9	079	07
2
0	7
2
0	7
2
	9	079	9	079	72
0		07970	9	079	
0	9	080	7797
0	7970	9	079	07
2
081079	07
2
0	9	0079	7797
970	9	079	07
2
0	9	0079	7797
0	9	079	77970	9	079	07
2
0	9	079	7790	9	079	07
2
0	9	099	07
2	9	
0079	77971	9	079	81079	07
2
0	9	0079	7797
0	9	079	77970	9	079	07
2
0	7
2
0	7
2
	9	079	9	079	77970	9	079	07
2
0	9	079	7790	7970	9	079	07
2
0	9	079	7790	9	079	07
2
0	9	079	77971	9	079	81079	07
2
0	9	0079	7797
0	9	079	77970	9	079	07
2
0	9	07	9	0
0	9	079	7790	9	080	779707
2
0	9	079	7790	9	680	7797
0	9	080	77970	9	079	07
2
0	7	77970	9	079	07970	9	079	
0	9	080	7797
0	7970	9	079	07
2
081079	07
2
0		079	7790	9	079	07
2
0	9	079	77971	9	079	81079	07
2
0	9	0079	7797
0	9	079	77970	9	079	07
2
0	9	07	9	079	7790	979	777
0	9	079	77970	9	079	07
2
0	7
2
0	7
79	7790	9	079	07
2
0	9	079	77971	9	079	81079	07
2
0	9	0079	7797
0	9	079	77970	9	079	07
2
0	7
2
0	7
279	77970	9	079	07970	9	079	
0	9	080	7797
0	7970	9	079	07
2
081079	07
2
0	9	0079	7797
970	9	079	07
2
0	9	0079	7797
0	9	079	07
2
0	9	079	7790	9	079	07
2
0	9	079	77971	9	079	81079	07
2
0	9	0079	7797
0	9	079	77970	9	079	07
2
0	9	07	9	079	7790	979	777
0	9	079	77970	9	079	07
2
0	7
2
0	7
2
	9	079	9	079	72
0		07970	9	079	
0	9	080	7797
0	7970	9	079	07
2
081079	07
2
0	9	0079	7797
970	9	079	07
2
0	9	0079	7797
0	9	079	77970	9	079	07
2
0	9	079	7790	9	079	07
2
0	9	079	77971	9	079	81079	07
2
0	9	0079	7797
0	9	079	779079	07
2
0	9	07	9	0
0	9	079	7790	9	080	779707
2
0	9	0779	77971	9	079	81079	07
2
0	9	0079	7797
0	9	079	779079	07
2
0	9	07	9	0
0	9	079	7790	9	080	779707
2
0	9	07499	7790	9	080	7797
0	9	080	77970	9	079	07
2
0	7
2
	9	
081079	07
2
0	9	0079	772
0	9	0079	7797
0	9	079	77970	9	970	9	079	07
2
0	9	079	7790	9	079	07
2
	9	079	07
2
0	07‹9	7