	07
3079	0997	077	079	079	0	077	079	079	099707
2
		077	0997	077	079	0997	077	0079099	07970	9	079	07970	9	079	
0	9	080	7797
0	7970	9	079	07
2
081079	07
2
0	9	0079	77972
970	9	079	07
2
0	9	0079	7797
0	9	0797097	7	9	079	007
2
0	9	0079	7797
019	079	77970	9	079	07
2
0	9	07	9	0
0	9	079	7790	9	080	7797079	7790	9	080	7797
0	9	080	77970	9	079	07
2
0	7
2
	9	079	9	079	77970	9	079	07
2
0	9	079	7790	9	080	7797
0	9	079	77970	9	079	07970	9	079	
0	9	080	7797
0	7970	997	077	00790997	077	00997	077	079	0997	077	079	079	0	077	079	079	099707
2
		077	0997	077	079	0997	077	0079099	0797	077	00997	077	079	0997	077	079	079	0997	077	092
0	9	079	7790	9	079	07
2
0	9	080	77971	9	079	81079	07
2
0	9	0079	7797
019	079	77970	9	079	07
2
0	9	07	9	0
0	9	079	7790	9	080	7797079	7790	9	080	7797
0	9	080	77970	9	079	07
2
0	7
2
	9	079	9	079	77970	9	079	07
2
0	9	079	7790	9	080	7797
0	9	079	77970	9	079	07970	9	079	
0	9	080	7797
0	7970	997	077	00790997	077	00997	077	079	0997	077	079	079	0	077	079	079	099707
2
		077	0997	077	079	0
	9	079	9	079	77970	9	079	07
2
0	9	079	7790	9	080	7797
0	9	079	77970	9	079	07970	9	079	
0	9	080	7797
0	7970	997	077	00790997	077	00997	077	079	0997	077	079	079	0	077	079	079	099707
2
		077	0997	077	079	0997	077	0079099	0797	077	00997	077	079	0997	077	079	079	0997	077	0997	[77	07077	76	0079