
0x62
	02
7
0	970	9	079	07
2
0	9	0079	7797
0	9	079	77970	9	079	07
2
0	9	079	77079	7797
0	970	9	079	07
2
0	9	079	7790	9	079	07
2
0	9	079	77971	9	079	81079	07
2
02
0x68
295							
0x62
2
0	9	0079	7797
0	9	0x68
79	77970	9	079	07
2
0	9	079	7790	9	079	07
2
0	9	079	77971	9	079	62		079972	0	9	079	79972777	9	0	
0	9	080	7797
0	7970	907
2
0
0	9	0079	7797
0	9	0x68
79	77970	9	
0	9	0079	7797
0	9	079	77970	9	079	07
2
0	9	079	7790	9	079	07
2
0	9	0709	77971	90	9	0079	7797
0	9	0x61
79	77970	9	079	07
2
0	9	078	77079	7790	9	079	
0x62
2
0	9	0079	7797
0	9	0x68
79	77970	9	
0	9	0079	7797
0	9	079	77970	9	079	07
2
0	909	7	7790	9	079	07
2
0	9	0709	77971	9	07907
2
02
0x68
295							
0x62
2
0	90	70	97797
0	9	0x68
79	77970	9	079	07
2
0	9	078	7790	9	079	07
2
0	9	079	77971	9	079	62		079972	0	9	079	77970	9	0079	07
2
0	9	079	7790	9	079079	77971	9	079	62		079972	0	9	079	77970	9	0079	07
				
0x62
2
0	9	0079	7797
0	9	0x68
79	77970	9	079	07
2
0	9	079	7790	9	079	0
2
0	9	079	77971	9	079	62		079972	0	9	079	77970	9	079	07
2
0	9	079	7790	9	079	
0x62
2
0	9	0079	7797
0	9	0x68
79	77970	9	
0	9	00799	079	62	079	07
2
0	9	079