-2555

-443355

-44336228
552
-25252
-25255252

43355

-44336228
552
-25255252

-25
-25255252

-254336228
552
-25255252

-25
-25255252



2

-25

-1
-443355

-44336228
552
-25255252

-25
-25255025
-25543355

-4433
-255433355

-44336228
552
-25255252
5
-25255025
-25543355

-4433
-25543355

-44336228
555252

-25
-2525525
-25543355

-44336228
552
-25255252

-25
-25255252

-254336228
552
-25255252

-25

-443355

-44336228
552
-25252
-25255252

43355

-44336228
552
-25255252

-25
-25255252

-254336228
552
-25255252

-25
-25255252



2

-2552
-25255252
5
-25255025
-25543355

-9660
-25543355

-44336228
555252

-25
-2525525
-25543355

-44336228
552
-25255252

-25
-25255252

-254336228
552
-25255252

-25
-25255252



2

-25

-1
-443355

-44336228
552
-25255252

-25
-2525525
-25543355

-4433
-25543355

-44336228
552
5
5
25255252

-25
-25255252

-254336228
552
-25255252

-25
-25255252



2

-25

-1
-443355

-44336228
552
-25252
-25252
-25255252

43355

-44336228
552
-25255252

-25
-25255252

-254336228
552
-25255252

-25
-25255252



2

-25

-1
-443355

-44336228
552
-25255252

-25
-25255025
-25543355

-4433
-255433355

-44336228
552
-25255252
5
-25255025
-25543355

-4433
-25543355

-44336228
555252

-25
-2525525
-25543355

-44336228
552
-25255252

-25
-25255252

-254336228
552
-25255252

-25

-443355

-44336228
552
-25252
-25255252

43355

-44336228
552
-25255252

-25
-25255252

-254336228
552
-25255252

-25
-25255252



2

-2552
-25255252
5
-25255025
-25543355

-9660
-25543355

-44336228
555252

-25
-2525525
-25543355

-44336228
552
-25255252

-25
-25255252

-254336228
552
-25255252

-25
-25255252



2

-25

-1
-443355

-44336228
552
-25255252

-25
-2525525
-25543355

-4433
-25543355

-44336228
552
5
5
25255252

-25
-25255252

-254336228
552
-25255252

-25
-25255252



2

-25

-1
-443355

-44336228
552
-25255252

-25
-2525525
-25543355

-4433
-25543355

-44336228
552
5
-25255252



2

-25

-1
-443355

-44336228
552
-25255252

-25
-2525525
-25543355

-4433
-2554355252

-25
-2525525
-25543355

-4433
-25543355

-44336228
552
5
-25255252



2

-25

-1
-443355

-44336228
552
-25255252

-25
-2525525
-255

-4433
-25543355

-4435
-25543355

-44336228
5-25

-2866