
0x62
	07
2
0	9	79	7797
0	9	079	7790709	7	9	07
2
0	9	0079	7797
0	9	079	77970	9	079	07
2
0	9	079	77079	7797
0	9	079	77970	9	079	07
2
0	9	79	7790	9	079	07
2
0	9	079	77971	9	079	81079	07
2
02
0x68
295							
0x62
2
0	9	0079	7797
0	9	0x68
79	77970	9	079	07
2
0	979	7790	9	079	07
2
0	9	079	77971	9	079	62		079972	0	9	079	77970	9	079	07
2
0	9	079	7790	9	079	
0x62
2
0	9	0079	7797
0	9	0x68
79	77970	9	
0	9	0079	7797
0	9	079	77970	9	279	07
2
0	9	079	7790	9	079	07
2
0	9	0709	77971	9	079	81079	07
2
02
0x68
295							
0x62
2
0	9	0079	7797
0	9	0x68
79	77970	9	079	07
2
0	9	078	7790	9	079	07
2
0	9	079	77971	9	079	81079	07
2
02
0x68
295							
0x62
2
0	9	0079	7797
0	9	0x68
79	77970	9	079	07
2
0	9	079	7790	9	079	07
2
0	9	079	77971	9	079	62		079972	0	9	079	77970	9	079	07
2
0	9	079	7790	9	079	
0x62
2
0	9	0079	7797
0	9	0x68
79	77970	9	
0	9	0079	7797
0	9	079	77970	9	079	07
2
0	909	7	7790	9	079	07
2
0	9	0709	77971	9	0797
2
02
0x68
295							
0x62
2719