
0x62
	07
2
0	9	79	7797
0	9	079	77970	9	079	07
2
0	9	0079	7797
0	9	079	77970	9	079	07
2
0	9	079	7790	9	079	07
2
0	9	079	77971	9	079	81079	07
2
0	9	0079	7797
970	9	079	07
2
0	9	0079	7797
0	9	079	77970	9	079	07
2
0	9	079	7790	9	079	07
2
0	9	079	77971	9	079	81079	07
2
02
0x57
90	9	079	07
2
0	9	079	77971	9	079	81079	07
2
0	9	0079	7797
970	9	079	07
2
0	9	0079	7797
0	9	079	77970	9	079	07
2
0	9	079	7790	9	079	07
2
0	9	079	779	62		079972	0	9	079	77970	9	079	07
2
0	9	079	7790	9	079	
0x62
2
0	9	0079	7797
0	9	0x68
79	77970	9	079	07
2
0	9	079	7790	9	079	07
2
0	9	079	77971	9	0295							9	07
2
0	9	079	7790	9	079	07
2
0	8	079	77971	9	079	81079	07
2
0	9	0079	7797
970	9	079	07
2
0	9	0079	7797
0	9	079	77970	9	079	07
2
0	9	079	7790	9	079	07
2
0	9	079	77971	9	079	81079	07
2
02
0x68
295							
0x62
2
0	9	0079	7797
0	9	0x68
79	777		0719