	07
2
0	9	79	7797
0	9	079	77970	9	079	07
2
0	9	0079	7797
0	9	079	77970	9	079	07
2
0	9	079	7790	9	079	07
2
0	9	079	77971	9	0792
0	9	0079	7797
0	9	079	77970	9	079	07
2
0	9	079	7790	9	079	07
2
0	9	079	77971	981079	07
2
0	9	0079	7797
970	9	079	07
2
0	9	0079	7797
0	9	079	77970	9	079	07
2
0	9	079	7790	9	079	079	079	77971	9	0792
0	9	0079	7797
0	9	079	77970	9	079	07
2
0	9	079	7790	9	079	07
2
0	9	079	77991		7079	81079	07
2
0	9	0079	7797
970	9	079	07
2
0	9	0079	7797
0	9	079	77970	9	079	07
2
0	9	079	7790	9	079	07
2
0	9	079	77971	9	079	81079	07
2
0	9	0079	7797
0
2
0	9	079	77971	9	079	81079	07
2
0	9	0079	779970	9	079	07
2
0	9	079	7790	9	079	07
2
0	9	079	079	77971	9	079	81079	07
2
0	9	0079	7797
0	9	079	77970	9	079	07
2
0	9	079	7790	9	079	07
2
0	9	079	77971	9	079	62		07997		0	9	079	77970	9	079	07
2
0	9	07079	07
2
0	9	0079	7797
0	9	079	77970	9	079	07
2
0	9	079	7790	9	079	07
2
0	9	079	77971	9	0792
0	9	0079	7797
0	9	079	77970	9	079	07
2
0	9	079	7790	9	079	07
2
0	9	079	77971	9	079	81079	072
0	9	0079	7797
970	9	079	07
2
0	9	0079	7797
0	9	079	77970	9	079	07
2
0	9	079	7790	9079	079	079	7079	07
2
0	9	079	77971	9	079	81079	07
2
0	9	0079	7797
0
2
0	9	079	77971	9	079	81079	07
2
0	9	0079	7797
0	9	079	77970	9	079	07
2
0	9	079	7790	9	079	07
2
0	9	079	079	7971	9	079	81079	07
2
0	9	0079	7797
0	9	079	77970	9	079	07
2
0	9	079	779	0	9	079	77970	9	079	07
2
0	9	079	7790	9	079	07
2
0	979	77970	9	079	07
2
0	9	079	7790	9	079	07
2
0	9	079	77971	9	079	62		8	7790	9	079	07
2
0	9	079	77971	9	079	62		07997		079