-2555

-443355

-44336228
552
-25252
-25255252

43355

-44336228
552
-25255252

-25
-25255252

-254336228
552
-25255252

-25
-25255252



2

-25

-1
-443355

-44336228
552
-25255252

-25
-25255025
-25543355

-4433
-25543355

4336228
552
-25255251
-443355

-44336228
552
-25255252
5
-25255025
-25543355

-4433
-25543355

-44336228
555252

-25
-2525525
-25543355

-44336228
552
-25255252

-25
-25255252

-254336228
552
-25255252

-25

-443355

-44336228
552
-25252
-25255252

43355

-44336228
552
-25255252

-25
-25255252

-254336228
552
-25255252

-25
-25255252



2
-25

-1
-443355

-44336228
552
-25255252

-25
-252550355

-4433
-25543355

4336228
552
-25255251
-443355

-44336228
552
-25255252
5
-25255025
-25543355

-4433
-25543355

-44336228
555252

-25
-2525525
-25543355

25

-443355

-44336228
552
-25252
-25255252

43355

-44336228
552
-25255252

-25
-25255252

-254336228
552
-25255252

-25
-25255252



2

-25

-1
-443355

-44336228
552
-25255252

-25
-25255025
-25543355

-4433
-25543355

4336228
552
-25255251
-443355

-44336228
552
-25255252
5
-25255025
-25543355

-4433
-25543355

-44336228
555252

-25
-2525525
-25543355

-44336228
552
-25255252

-2
-25255252

-254336228
552
-25255252

-25
-25255252



2

-25

-1
-443355

-44336228
552
-25255252

-25
-2525525
-25543355

-4433
-25543355

-44336228
552
5
-25255252



2

-25

-1
-443355
25255252

-25
-25255252

-254336228
552
-25255252

-25
-25255252



2

-25

-1
-443355

-44336228
552
-25255252

-25
-2525525
-25543355

-4433
-25543355

-44336228
552
5
-25255252



2

-25

-1
-443355

-44336228
552
-25255252

-25
-2525525
-25543355

-4433
-25543355

-44336228
552
-252252



2

-25

-2866