VERIF	07
2
0	77972		07
2
0	8	079	7797
CAT	079	02
0	77972		07
2
0	8	079	7797
CAT	079	77970
0	8	079	7797
CAT	079	77970	9		9	02
0	907

0	8	079	7797
CAT	079	02
0	77972		07
2
0	8	079	7797
CAT	079	77970
0	8	079	7797
CAT	079	77970	9		9	02
0	907
CAT	079	77970	9		9	02
0	79	57
2
0	4	079	7797
CAT	07970	77970	9		9	07
2
0	8	079	7797
CAT	079	02
0	77972		07
2
2	8	0797
2
0	89	7797
CAT	079	02
0	77972		07
2
0	8	079	7797
CAT	079	77970
0	8	079	7797
CAT	07979	7797
CAT	07	77978	079	7797
CAT	079	77970	9		9	02
0	77972		07
2
0	4	0
CAT	079	77970	9	7797
CAT	079	77970
0	8	079	7797
CAT	007	77799
CAT	07		0029
77972		0	7797
CAT	079		9	02
0	907
2
0	7779	7797
CAT	079	77970	907
2
0	77972	2
0	8	079	7797
CAT	07		0029
77972		07
2
0	8	079	7797
CAT	079		9	02
0	907
2
0	77972
972			07
2
0	4	079	7797
CAT	079	77970	2		07
2
0	8	079	7797
CAT	079	02
0	77972		07
2
0	8	079	7797
CAT	079	77970
0	8	079	7797
CAT	079	77970	9		9	02
0	907
2
0	77972	2
0	8	079	7797
CAT	07	77970
0	8	079	77
2
0	77972		07
2
0	8	079	7797
CAT	079	277970	9		9	02
0	77972		07
2
0	4	0
CAT	079	77970	9	7797
CAT	079	77970
0	8	079	7797
CAT	007	77799
CAT	07		00279	77970	9		9	02
	9	707	0	9	079	07
2
0	8	079	7797
CAT	079	77970	9		9	02
0	77972		079		9	02
	9	009792	