-228
552
-25255251
-443355

-44336228
552
-25255252
5
-252

-25
-2525525
-25543355

-44336228
552
-50510504

-25
-25255252

-254336228
552
-25255252

-25
-2525
2
525

2

-25

-1
-443355

-44336228
552
-25255252

-25
-2525525
-25548
552
-25255252

-25
-25255252



2

-25

-1
-443355

-44336228
52

-25
-2525525
-25543355

-4433
-25543355

-44336228
552
5
-25255252



2

-25

-1
-44

-25
-2525525
-2252

-25
-25255252

-254336228
55

-25

-1
-252

-25
-2525525
-25543355

25

-552
-25255252

-25
-2525525
-25543355

-4336228
552
5
-25255252



2

-25

-1
-443355
25255252

-255
-252552
-25255252

-25
-25255252

-254336228
552
-25255252

-25
-25255252



2

-25

-252
-25255252

43355

-442
-25255252

-25
-25255252



2

-25

-1
-443355

-44336228
5525525
-5255252

-25
-25255252



2

-25

-1
-443355

-44336228
552
-25255252

-25
-2525525
-25545251
-443355

-44336228
552
-25255252
5
-25255025
-25543355

-9660
-25543355

-44336228
555252
5

-44336228
552
-25255252

-25
-52

-25
-25255252

-555252

-25
-2525525
-255433552
5
-25255252



2

-25

-1
-443355525
25252

-255
-25252

-25
-2525525
-25543355

-4
552
-255

-44228
552
-2522
-25255251
-443355

-44336225
-25543355

-44336228
552
-25255272

-25
-5252



2

-25

-1
-252

-25
-2525525
-25543252

43355

-25
-25255252



2
5

-443368
552
-252552252

-254
555252

-25
-2525525
-25543355

225255252

-25
-25255252



2

-25

-252
-25255252

43355

-25
-25255252



2

-25

-1
-252

-25
-2525525
-25543355

25

-552
-25255252

-25
-2525525
-25543355

-4336228
552
5
-43355

-25
-25255252



2

-25

-1
-252

-25
-2525525
-25543355

25

-552
-25255252

-25
-2525525
-25543355

-4336228
552
5
-25255252



2

-25

-1
-443355
25255252

-255
-252552
-25255252

-25
-25255252

-254336228
552
-25255252

-25
-25255252



2

-25

-252
-25255252

43355

-443368
552
-25255252

-25
-2555

-443368
552
-25258252

-25
-25255252
-25
-25255252



2

-25

-1
-252

-25
-2525525
-255436225
-25543355

-44336228
552
-25255272

-25
-25255252

-254
555252

-25
-2525525
-25543355

225255253

-25
-25255252



2

-25

-252
-25255252

43355

-25
-25255252



2

-25

-1
-252

-25
-2525525
-25543355

25

-443355

-44336228
552
-25252
-25255252

43
530

5
5
25255252

-25
-25255252

-254336228
552
-25255252

-25
-25255252



2

-25

-525525
-25543355

-4433
-25543355

-443362
-252252



2

-25

-2866