
0x60	9	079	77970	9	079	07
2
0	9	0079	7797
0	9		7797	9	079	77971	9	079	81079	07
2
02
0x68
295	0x68
79	77970	9	079		9	079	
0x62
2
7
2
02
0x68
295	0x68
79	77970	9	079	07
2
0	9	079	7790	0		90747
2
0	9	7		9	079	
0x62
2
7
2
02
0x68
295	0x68
79	77970	92	0	9	079	77970	9	079	07
270
		909	7709	9	079	
0x62
2
0	9	0079	7797
0	9	09	772
02
0x68
2
0	9	079	770079	7797
0	9	0x68
79	7079	07
2
02
0x68
295							
0x62
2
0	9	079	77970	9	079	07
2
079	
0x62
2
0	9	0079	7797
0	9	0x68
79	77970	9	97
0	9	0x68
79	776079	07
2
02
0x68
295							
0x62
2
0	9	0079	7797
0	9	0x68
79	77970	9	77970	9	079	07
2
0	9	079	9707971	79	07
270
		909	7709	9	079	
0x62
2
0	9	0079	7797
0	9	09	772
02
0x68
2
0	9	079	770079	7797
0	9	0x68
79	779							
0x62
2
0	9	079	77970	9	079	07
2
079	
0x62
2
0	9	0079	7797
0x68
295	070	9	97
0	9	0x68
79	776079	07
2
02
0x68
295							
0x62
2
	9	0x68
79	77979	07
2
02
0x68
295							
790	9	072
079	
0x62
2
0	9	0079	7797
0	9	0x68
79	77970	9	97
0	9	07		0719