VERIF	07
2
0	77972		07
2
0	8	079	7797
CAT	079	02
0	77972		07
2
0	8079	72		07
2
0	8	079	7797
CAT	079	02
0	77972		07
2
0	8	079	7797
CAT	079	57970	9		9	02
0	90	77971		07
2
0	8	079	7797
CAT	70	9		9	02
0	
2
0	8	079	7797
CAT	079	77970	9		9	02
0	9	079	7907
2
0	77972		07
2
0	8	079	7797
CAT	079	77970	9		9	02
0	77972		07
2
0	8		072
0	9	079	77970	9	07	07
2
0	9	079	77970	9	079	0997	079	7797
CAT	079	77970	9		9	02
0	9	079	77970	0	9	0797797
CAT	079	77970	9		9	02
0	907
2
0	77971		07
2
0	8	079	7797
CAT	70	9		9	02
0	
2
0	8	079	7797
CAT	0722229	77970	9		9	02
0	9	079	7907
2
0	77972		07
2
0	8	079	7797
CAT	079	77970	9		9	02
0	7702
0	
2
0	8	079	7797
CAT	079	77970	9		9	02
0	9	079	7907
2
0	77972		07
2
0	8	079	7797
CAT	079	77970	9		9	02
0	77972		07
2
0	8		072
0	9	079	77970	9	07	07
2
0	9	079	77970	9	079	0997	079	7797
CAT	079	77970	9		9	02
0	9	079	77970	0	9	0797797
CAT	0	9		9	02
0	
2
0	8	079	7797
CAT	0722229	77970	9		9	02
0	9	079	790	7
2
0	77972		07
2
0	8	079	7797
CAT	079	77970	9		9	02
0	77972		07
2
-0	8	079	7797
CAT	079	77970	9		9	02
0	9	0479	77970	0	9	079	77970	99,	-079