	07
3
0	9	080	7797
0	7970	9	079	07
2
0	9	ÇÈÆö777
2
0	9	0079	7797
970	9	079	07
2
0	9	0079	7797
0	9	079	77970	9	079	07
2
0	9	079	7790	9	079	07
2
0	9	ÿ7971	9	079	81079	07
2
0	9	0079	7797
0	9	079	77970	9	079	07
2
0	9	07	9	079	7790	97
2
0	9	079	7790	9	080	7797
0	9	080	779	9	079	07
2
0	7
2
	9	079	9	079	77970	9	079	07
2
0	9	07œ	7790	9	080	7797
0	9	079	77970	9	079	07
2
0	9	079	7790	9	079	07
2
	9	079	07
2
0	9	079	779
0	9	090	9	079	07
2
0	9	0ÿÿÿÿ7972	9	079	81079	07
"
0	9	0079	7797
0	9	079	77970	9	079	07
2
0	9	07	9	079	y	08)°779707
2
0	9	079øÈÈÆ0	9	080	7797
0	9	080	779	9	079	07
2
0	7
2
	9	079	9	079	‹ÿÿÿ0	9	079	07
2
0	9	07œ	7790	9	080	7797
0	9	079	77970	9	079	07
2
0	9	079	7790	9	079	07
2
	@	079	07
2
0	9	079	779
0	9	08+	77970	9	079	07
2
0	9	079	7790	9	079	07
2

0	9	079	7790	9	079	07
2
	9	079	07
2
0	079	7	779707
2
		079