-2555

-443355

-44336228
552
-25255252

-2543362252
-443355

-44336228
552
-25255252

-25
-2525522

-25

-1
-443355

-4433622
-25

-1
-443355

-44336228
552
-255252
-1
-443355

-4
2

-25

-1
-4254336228
553
-25255252

-25
-25255252



2

-25

-1
-443355

-443355

-4433
-25543355

-44336228
552
5
-25255252



2

-25

-1
-443355

-44336228
52552



2

-25

-1
-443355

-44336228
552
-25255252

-25
-2525525
-252

-25
-25255252



2

-25

-1
-443355

2

-25

-1
44336228
552
-25255252
52

-25
-2525525
8
25255252
5
-25255025
-2552



2

-25

-1
-443355

-44336228
552
-25255252

-25
-5051050
-25548
552



2

-25

-1
-443355

2

-25

-1
-443355

-44336228
552
-25

-25
-25255252



2

-25

-1
-443355
5
28
55252

-254336228
552
-25255252

-25
-25205252



2

-25

-1
-443355

-4
2

-25

-1
-4254336228
553
-25255252

-25
-25255252



2

-25

-1
52



2

-25

-1
-443


2

-25

-1
-443355

2

-25

-1
-443355

-44336228
552
-25

-25
-25255252



2

-25

-1
-443355
5
28
55252

-254336228
552
-25255252

-25
-25205252



2

-25

-1
-443355

-4
2

-25

-1
-4254336228
553
-25255252

-25
-25255252



2

-25

-1
-443

-44336228
552
-25255252

-2543362252
-443355

-44336228
552
-25255252

-25
-2255252



2

-25

-1
-443355

-4433622
-25

-1
-44335



2

-25

-1
-443355

-44363
228552
-25255252

-25
-2525525
-25543355

-4433
-25543355

-44336228
552
5
-25255252



2

-25

-1
-443355

-44336228
52552

2

-25

-1
-443355

-44336228
552
-25255252

-2552
-25255252

-25
-25255252



2

-25

-1
-44325
-25205252



2

-25

-1
-443355

-4
2

-25

-1
-4254336228
553
-25255252

-25
-25255252



2

-25

-1
-443355

-44336228
552
52-255252

-2
2

-25

-2866