-2555

-443355

-44336228
552
-25252
-25255252

52

-25
-2525525
-25548
552
-25255252

-25
-25255252



2

-25

-1
-443355

-44336228
25255252
5
-25255025
-2552



2

-25

-125
-24
2

-25  -25    9  -25   -12   -25  -25    -25

-1
-443355

-44336228
552
-25255252

-2525

-1
-443355
25255252

-25
25543355

4336228
552
-25255251
-443355

-44336228
552
-25255252



2

-25

-1
-443355
25255252

-25
-2433
-25543355

4336228
552
-25255251
-443355

-44336228
55
-2555

-44336228
552
-25255252

-25
-25255252

-52

-25
-25255252



2

-25

-1
-443355

-44336228
552
-25255252

-25
-252551
-443355

-44336228
552
-25255252

-25
-252555
-25255252

-254336228
552
-25255252

-25

-443355

-443362
58252
-25255
-25245252

-254336228
552
-25255252

-25
-25255252



2

-25

-1
-443355

-4552
-25252
-2525552
-2525525155

-44336229
552
-25255252

-25
-2525525
-25543355

-4433
-25543355

-443362


2

-25

-1
-443355

-4
2

-25  -25    9  -25  255252

-25
-2525525
-25543355

-4433
-25543355

-44336   -12   -25  -25    -25

-1
-443355

-44336228
552
-25255252

-2525

-1
-443355
25255252

-25
25543355

4336228
552
-25255251
-443355

-44336228
552
-25255252



2

-25

-1
-443355
25255252

-25
-2433
-25543355

4336228
552
-25255251
-443355

-44336228
55
-2555

-44336228
552
-25255252

-25
-25255252

-52

-25
-25255252



2

-25

-1
-443355

-44336228
552
-25255252

-25
-252551
-443355

-44336229
552
-25255252

-25
-252555
-25255252

-254336228
552
-25255252

-25

-443355

-443362
58252
-25255
-25245252

-254336228
552
-25255252

-25
-23355

4336228
552
-25255251
-443355

-44336228
55
-2555

-44336228
552
-25255252

-25
-25255252

-52

-25
-25255252



2

-25

-1
-443355

-44336228
552
-25255252

-25
-252551
-443355

-44336228
552
-25255252

-25
-252555
-25255252

-254336228
552
-25255252

-25

-443355

-443362
58252
-25255
-25245252

-254336228
552
-25255252

-25
-25255252



2

-25

-1
-443355

-4552
-25252
-25255252

43355

-443
-25255252



2

-25

-55252

-25
-25255025
-25543355

-2127512
-25543355

-4416
-25543355

4336228
552
-2525525155

-44336229
552
-25255252

-25
-2525525
-25543355

-4433
-25543355

-443362


2

-25

-1
-443355

-4
2

-25  -25    9  -25  255252

-25
-2525525
-25543355

-4433
-25543355

-44336   -12   -25  -25    -25

-1
-443355

-44336228
552
-25255252

-2525

-1
-443355
25255252

-25
25543355

4336228
552
-25255251
-443355

-44336228
552
-25255252



2

-25

-1
-443355
25255252

-25
-2433
-25543355

4336228
552
-25255251
-443355

-44336228
55
-2555

-44336228
552
-25255252

-25
-25255252

-52

-25
-25255252



2

-25

-1
-443355

-44336228
552
-25255252

-25
-252551
-443355

-44336229
552
-25255252

-25
-252555
-25255252

-254336228
552
-25255252

-25

-443355

-443362
58252
-25255
-25233
-25543355

-44336228
542
-252252



2

-25

-2866