-2555

-443355

-555252

-25
-2525525
-25543355

-44336228
552
-25255272

-25
-25255252

-254
555252

-25
-252552525
-25255252



2

-25

-252
-25255252

43355

-25
-25255252



2

-25

-1
-252

-25
-2
-25255252

-25
-25255252

-254336228
552
-25255252

-25
-25255252



2

-25

-252
-25255252

43355

-443368
552
-25255252

-25
-25552522

-555252

-25
-2525525
-255433552
5
-25255252



2

-25

-1
-443355525
25252

-255
-25255025
-25543355

-96605252

-25
-2525525
-25543355

-4
552
-255

-44228
552
-25255252
362225
-255255252


-443355
255255272

-25
-25255252

-254
555252

-25
-2525525
-25543355

225255252

-25
-25255252



2

-25

-252
-25255252

43355

-25
-25255252



2

-25

-1
-252

-25
-2525525
-25543355

25

-443355

-44336228
552
-25252
-25255252

43
530
-44336228
552
-25255252

-25
-25255252

-254336228
552
-25255252

-25
-25255252



2

-25

-252
5255252

43355

-443368
552
-25255252

-25
-25255252

-2543362

-44336228
555252

-25
-2

-25
-25255252

-254
555252

-25
-2525525
-25543355

225255252

-25
-25255252



2

-25

-252
-25255252

43355

-25
-25255252
-252

-25
-2
-25255252

-25
-25255252

-254336228
552
-25255252

-25
-25255252



2

-25

-252
-12627626

43355

-443368
552
-25255252

-25
-25552522

-555252

-25
-2525525
-255433552
5
-25255252



2

-25

-1
-443355525
25252

-255
-25255025
-2554335560
-25543355

-44336228
555252

-25
-2525525
-25543355

-4
552
-255

-44228
552
-25255252
362225
-255255252


-443355
255255272

-25
-25255252

-254
555252

-25
-2525525
-25543355

225255252

-25252



2

-25

-1
-252

-25
-2525525
-25543355

25

-443355

-44336228
552
-25252
-25255252

43
530
-44336228
552
-25255252

-25
-25255252

-254336228
552
-25255252

-25
-25255252



2

-25

-252
-25255252

43355

-443368
552
-25255252

-25
-25255252

-2543362

-44336228
555252

-25
-2

-25
-25255252

-254
555252

-25
-2525525
-25543355

225255252

-25
-25255252



2

-25

-252
-25255252

43355

-25
-25255252



2

-25

-1
-252

-25
-2525525
-25543355

25

-552
-25255252

-25
-2525525
-25543355

-4433
-25

-252
-25255252

43355

-443368
552
-25255252

-25
-25255252

-55



2

-25

-1
-252

-25
-2525525
-25543355

25

-552
-25255252

-25
-2525525
-25543355

-4433
-25

-252
-25255252

43355

-443368
552
-25255252

-25
-25255252

-555252

-25
-2525525
-255433552
5
-25255252



2

-25

-1
-443355525
25252

-255
-25255025
-25543355

-9660
-25543355

-4433

-25

-1
-252

-25
-2525525
-255436225
-25543355

-44336228
552
-25255272

-25
-25255252

-254
555252

-25
-2525525
-25543355

225255252

-25
-25255252



2

-25

-252
-25255252

43355

-25
-25255252



2

-25

-1
-252

-25
-2525525
-25543355

25

-443355

-44336228
552
-25252
-25255252

43
530
-44336228
552
-25255252

-25
-25255252

-254336228
552
-25255252

-25
-25255252



2

-25

-252
-25255252

43355

-443368
552
-25255252

-25
-25255252

-25-25
-
-25255252

-254
555252

-25
-2525525
-252
-252252



2

-25

-
866