VERIF	07
2
0	77972		07
2
0	8	079	7797
CAT	079	02
0	77972		07
2
0	8	079	7797
CAT	079	77970
0	8	079	7797
CAT	079	77970	9		9	02
0	907
2
0	77972	2
0	8	079	797
CAT	079	02
0	77972		07
2
0	8	079	7797
CAT	079	77970
0	8	079	7797
CAT	079	77970	9		9	02
0	907
2
0	77972		07
2
0	8	079	7797
CAT	079	77970	9		9	22
0	77972		07
2
0	4	079	7797
CAT	079	77970	9		9	02
	9	0079	77970	77970	9		9	02
0	77972		07
2
0	4	079	7797
CAT	079	77970	2		07
2
0	8	079	7797
CAT	079	02
0	77972		07
2
0	8	079	7797
CAT	079	77970
0	8	079	7797
CAT	079	77970	9		9	02
0	907
2
0	77972	2
0	8	079	7797
CAT	079	02
0	77972		07
2	07
2
0	9	080	7797
0	7970	9	079	07
2
0	9	079	7790	9	079	07
2
	9	079	9	079	77970	9	079	07
2
0	9	079	7790	9	080	779	77970	9	079	
0	8079	7797
CAT	079		9	02
0	907
2
0	77972		07
2
0	8	079	7797
CAT	079	77970	9		9	02
0	77972		07
2
0	8	079	7797
CAT	079	77970	9		9	02
0	77972		07
2
0	4	0799		9	02
0	77972		07
2
0	4	079	7797
CAT	079	77970	9		9	02
	9	0079	77970	7	079	7797
CAT	079	77970	9		9	0207
2
0	
	9	707709	970	0	9	079	07
2
092
	9		8	079	7797
CAT	079	77970	9		9	02
0	77797
CAT	079	779		9	02
0	2	0	779770	9		9	02