	07
3
0	9	080	7797
0	7970	9	079	07
2
0	9	079	7790	9	080	7797
0	9	079	77	7/970	9	079	07
2
0	9	07790	9	08רררררררררררררררררררררררררררררררררררררררררררררררררררררררררררררר0	7797
0	9	080	77970	9	079	07
2
0	7
2
	9	079	9	079	77970	9	079	07
2
0	9	079	7790	9	080	7797
0	9	079	77970	9	079	07970	9	079	
0	9	080	7797
0	7970	9	079	07
2
081079	07
2
0	9	0079	7797
970	9	079	07
2
0	9	0079	7797
0	9	079	77970	9	079	07
2
0	9	079	7790	9	079	07
2
0	9	079	77971	9	079	81079	07
2
0	9	0079	7797
0	9	079	77970	9	079	07
2
0	7
2
0	7
2
	9	079	9	079	77970	9	079	07
2
0	9	079	7790	9	080	7797
0	9	079	7791A	9	079	07970	9	079	
0	9	080	7797
0	7970	9	079	07
2
081079	07
2
0	9	0079	7797
970	9	079	07
2
0	9	0079	7797
0	9	079	77970	9	079	07
2
0	9	079	7790	9	079	07
2
0	9	079	77971	9	079	81079	07
2
0	9	0079	7797
0	9	07	07
2
0	9	079	7790	9	080	779707
2
0	9	079	7790	9	08ררררררררררררררררררררררררררררר9	77970	9	079	07
2
0	9	07	9	079	7790	979	77970	9	079	07
2
0	9	079	7790	9	079	07
2
	9	079	07
2
0	079	7	77970	9	090	9079	07
2
		079