	07
3
0	9	080	7797
0	7970	9	079	07
2
0	9	079	7790	9	080	7797
0	9	079	77	7970	9	079	07
22
0	9	0079	7797
0	9	079	77970	9	079	07
2
0	9	079	7790	9	079	07
2
0	9	079	77971	9	079	81079	072
0079	199	9	079	7790	9	080	7797
0	9	079	77970	9	079	07970	9	079	
0	9	080	7797
0	7970	9	079	07
2
081079	07
2
0	9	0079	7797
970	9	079	07
2
0	9	0079	77970	9	079	07
2
0	9	07	9	0
0	9	079	7790	9	080	779707
2
0	9	079	7790	9	080	7797
0	9797
0	7970	9	079	07
2
081079	07
2
0	9	0079	7797
970	9	079	07
2
0	9	0079	7797
0	9	079	77970	9	079	07
2
0	9	079	7790	9	079	07
2
0	9	079	707
2
0	9	0079	7797
0	9	079	77970	9	079	07
2
0	9	14	977970		99	0707
2
0	9	079	7790	9	080	7797
0	9	079	77970	9	02
0	79	7797
970	9	079	07
2
0	9	0079	779	07
2
081079	07
2
0	9	0079	7797
970	9	079	07
2
0	9	0079	7797
0	9	079	77970	9	079	07
2
0	9	079	7790	9	079	07
2
0	9	079	77971	9	079	81079	07
2
0	9	0079	7797

0	9	0079	7797
970	9	079	07
2
0	9	0079	7797
0	9	079	77970	9	079	07
2
0	9	079	7790	9	079	07
2
0	9	079	77971	9	079	81079	07
2
0	9	0079	7797
0	9	079	77970	9	079	07
2
0	79	07970	9	079	
469	080	7797
0	7970	9	079	07
2
081079	07
2
0	9	0079	7797
970	9	079	07
2
0	9	0079	7797
0	9	079	77970	9	079	07
2
0	9	079	7790	9	079	07
2
0	9	079	77971	9	079	81079	07
2
0	9	0079	7797
0	9	079	77970	9	079	07
2
0	7
2
0	7
279	77970	9	71	9	079	81079	07
2
0	9	0079	7797
0970	9	079	07
2
0	9	07	9	
2
	9	079	9	079	77970	9	06979	07
2
0	9	079	7790	9	080	7797
0	9	079	77970	9	079	07970	9	079	
0	9	080	7797
0	7970	9	079	07
2
081079	07
2
0	9	0079	7797
970	9	079	07
2
0	9	0079	7797
0	9	079	77970	92
0	9	079	7790	9	079	07
2
0	9	079	77971	9	079	81079	07
2
0	9	0079	7797
0	9	079	77970	079	07
2
0	79	07970	9	079	
0	9	080	7797
0	7970	9	079	07
2
081079	07
2
0	9	0079	7797
970079	77971	9	079	81079	07
2
0	9	0079	7797
0	9	079	77970	9	079	07
2
0	9	07	9	0
0	9	079	7790	9	080	779707
2
0	9	079	7790	9	080	7797
0	9797
0	7970	9	079	07
2
081079	07
2
0	9	0079	7797
970	9	079	07
2
0	9	0079	7797
0	9	079	77970	9	079	07
2
0	9	079	7790	9	079	07
2
0	9	079	707
2
0	9	0079	7797
0	9	079	77970	9	079	07
2
0	9	14	9	
2
	9	079	9	079	77970		99	0707
2
0	9	079	7790	9	080	7797
0	9	079	77970	9	02
0	79	7797
970	9	079	07
2
0	9	0079	779	07
2
081079	07
2
0	9	0079	7797
970	9	079	07
2
0	9	0079	7797
0	9	079	7797	81079	07
2
0	9	0079	7797

0	9	0079	7797
970	9	079	07
2
0	9	0079	7797
0	9	079	77970	9	079	07
2
0	9	079	7790	9	079	07
2
0	9	079	77971	9	079	81079	07
2
0	9	0079	7797
0	9	079	77970	9	079	07
2
0	79	07970	9	079	
469	080	7797
0	7970	9	079	07
2
081079	07
2
0	9	0079	7797
970	9	079	07
20	77970	9	079	07
2
0	7
2
	9	079	9	079	77970	79	7797
970	9	079	07
2
0	9	0079	779	07
2
081079	07
2
0	9	0079	7797
970	9	079	07
2
0	9	0079	7797
0	9	079	77970	9	079	07
2
0	9	079	7790	9	079	07
2
0	9	079	77971	9	079	81079	07
2
0	9	0079	7797
0	9	079	77970	9	079	07
	080	7797
0	9	079	77970	9	079	07970	9	079	
0	9	080	7797
0	7970	9	079	07
2
081079	07
2
0	9	0079	7797
970	9	079	07
2
0	9	0079	7797
0	9	079	7797
0	9	079	77970	9	970	9	079	
0	079	090	9079	07
2
		079