	07
3
0	9	080	77977
07	90	9	079	07
2
0	9	09	07	9779	080	77
0	9	0079	7797
0	9	079	77970	9	079	07
2
0	079	7790	9	079	0079	7797
970	9	07	70
92
0	079	77970	9	079	07
2
0	9	079	7790	9	079	07
2
0	9	079	77971	9	079	810770	9	079	07
29	07
2
0	90	979	07	0079	7797
0	9	0	9	079	07
2
0	9	079	7790	9	079	07
2
0	9	079	7797	07	9	0
0	9	079	779	080	779707
2
0	9	079		079	07
2
0	9	079	7790	9	079	07
2
0	9	079	77971	9	079	810770	9	079	07
29	07
2
0	90	979	079	77970	9	079	07
2
0	9	079	77909	07970	9	079	
0	97
2
081079	07
2
0	99	097	77970	9		9	077790	9	081	7797	
900	80	67979	9	079	07
2
0	7
2
	9	059	997
0	9	079	77970	9	079	07
29	997
0	9	079	77970	9	079	07
2
09	07
2
081079	07
2
0	9	0079	7797
970	9	07	70
92
0	079	77970	9	079	07
2
0	9	0
09	07
2
081079	07
2
0	9	0079	7797
970	9	07	70
92
0	079	77970	9	079	07
2
0	9	079	7790	9	079	07
2
0	9	079	77971	9	079	810770	9	079	07
29	07
2
0	90	979	079	77970	9	079	07
2
0		080	9	079	77970	9	707
2

2
00