
0x62
	07
2
0	9	79	7797
0	9	079	77970	9	079	07
2
0	9	0079	7797
0	9	079	77970	9	079	07
2
0	9	079	77079	7797
0	9	079	77970	9	079	07
2
0	9	079	7790	9	079	07
2
0	9	079	77971	9	079	879	81079	07
2
02
0x68
295							
0x62
21079	07
2
02
0x68
295							
0x62
2
0	9	0079	7797
0	9	0x68
79	77970	9	079	07
2
0	9	079	7790	9	079	07
2
0	9	079	77971	9	079	62		079972	0	9	079	77970	9	079	07
2
0	9	079	7790	7970	9	079	07
2
081079	07
2
0	9	0079	7797
970	9	079	07
2
0	9	0079	7797
0	9	079	77970	9	079	07
2
0	9	079	7790	9	079	07
2
0	9	079	77971	9	079	81079	07
2
0	9	0079	7797
0	9	079	77970	9	079	07
2
0	9	07	9	079	7770	9	079	07
2
0	7
2
0	7
2
	9	079	9	0
0	9	0079	7797
0	9	079	77970	9	079	07
2
0	9	079	7790	9	079	07
2
0	9	079	77971	9	079	81079	07
2
0	9	0079	7797
0	9	079	77970	9	079	07
2
0	7
2
0	7
279	77970	9	079	07970	9	079	
0	9	080	7797
0	7970	9	079	07
2
081079	07
2
0	9	0079	7797
970	9	079	07	9	0079	7797
0	9	079	77970	9	079	07
2
0	9	079	7790	9	079	07
2
0	9	079	77971	9	079	81079	07
2
0	9	0079	7797
0	9	079	77970	0	9	90	7970	9	079	07
2
081079	07
2
0	9	0079	7797
970	9	079	07
2
0	9	0079	7797
0	9	079	77970	9	079	07
2
02	9	079	7790	9	079	07
2
0	9	079	77971	9	079	81079	07
2
0	9	0079	7797
0	9	079	77970	9	079	07
2
0	9	07	9	079	7770	9	079	07
2
0	7
2
0	7
2
	9	079	9	079	77970	9	079	07
2
0	9	079	7790	9	080	7797
0	9	079	77970	9	079	07970	9	079	
0	9	080	7770	9	079	07
2
081079	07
2
0	9	0079	7797
970	9	079	07
2
0	9	0079	7797
0	9	079	77970	9	079	07
2
0	9	079	7790	9	079	07
2
0	9	079	77971	9	079	810	9797
0	9	079	77	7970	9	079	07
22
0	9	0079	70	9	079	07
2
0	9	079	7790	9	079	07
2
0	9	079	77971	9	079	81079	07
2
0	9	0079	7797
0	9	0
0x62
	079	779707	9	079
	