-2555

-443355

-555252

-25
-2525525
-25543355
-2543362

-44336228
555252

-25
-2525525
-25543355

-44336228
526
-25255252

-25
-25255252

-254336228
552
-25255


2

-25

-1
-44335552
-25255252

-25
-2525525
-25543
-2525528
555252

-25
-2525525
-25543355

-4
552
-25255252

-68953	97025
-2525525
-25543355

-4433
-25543355

-44336228
552
5
-252552
-28
552
-25255272

-25
-25255252

-254
555252

-25
-252552525
-25255252



2

-25

-252
-25255252

43355

-25
-25255252



2

-25

-1
-252

-25
-2525525
-25543310

25

-443355

-44336228
552
-5252

-254336228
552
-25255252

-25
-25255252



2

-25

-252
-25255252

43355

-443368
43355

2
2

-25

-252
-25255252

525525
-25543355

-44336228
552
-25255272

-25
-25255252

-254
555252

-25
-252552525
-25255252



2

-25

-252
-25255252

43355

-25
-25255252



2

-25

-1
-252

-25
-2525525
-25543355

25

-443355

-44336228
552
-25252
-25255252

43
530
-44336227
552
-25255252

-25
-25255252

-254336228
552
43355

-443368
43355

225255252

-25
-25255252



2

-25

-252
-25255252

43355
-25255252



2

-25

-1
-252

-25
-2525525
-25543355

2

-25

-1
-44355252

-255
-25255025
-25543355

-9660
-25543855

-44336228
555252

-25
-2525525
-25543355

-4
552
-25255252

-25
-2525525
-25543355

-4433
-25543355

-44336228
552
5
-25255252
25

-1
-4433
-2525525
-25543355

-4433
-25543355

-44336228
552
5
-243355

-25
-25255252



2

-25

-1
-252

-25
-2525525
-25543355

25

-443355

-48
552
-25252
5255252



2

-25

-252
-252552552
-25255252

-25
-2525525
-25543
-2525528
555252

-25
-2525525
-25543355

-4
552
-25255252

-68953	97025
-2525525
-25543355

-4433
-25543355

-44336228
552
5
-25255252
25

-1
-4433
-2525525
-12771354

-4433
-25543355975441