            
      
          
         
    
         
           
              
   
          
         
                             
      
          
         
          
       
           
           
         
          
                            
      
          
   
          
       
3