            
      
          
         
    
         
           
                                 
      
          
         
          
                        
                         
               
                                 
      
          
         
          
                        
                               
      
          
          
         
                             
      
          
         
          
                        
         
           
           
         
          
                            
      
          
   
          
       
2